310
3638 -2431
-2640 1644
-8857 5602
7586 -2095
-252 -9507
5006 8861
-793 -6009
6582 9605
-5594 -7920
4956 -6990
5332 6283
-8681 -8298
4081 -5454
7067 -8940
-2109 -4965
-5608 8346
2434 1906
-5036 -5078
-5095 2097
5455 -7680
-7779 -9267
6226 -132
6835 -1598
-7366 -569
-6894 2659
-5002 9062
-2394 -5729
2124 -8392
-9408 2586
-2723 6581
5222 6394
2496 6509
5899 -6388
6758 -9831
4583 -4733
-7640 -1825
-2100 -2357
771 -6955
4378 2755
-7488 4411
2089 2047
7720 3912
8662 2754
4173 8435
-9330 5480
-9198 4960
2636 -6515
-6444 -2743
-1017 9431
2062 5536
-5544 1347
-9607 -7159
-8092 5285
8677 -7855
-7119 -8760
24 5178
74 8811
9031 -9813
298 -3281
-6279 -8142
421 -2567
938 -9710
3979 1180
-5178 7511
-7178 -6468
7630 5854
-1782 3747
8706 -695
4161 -4368
873 -9983
9240 3534
-71 -2567
5690 -5180
5184 -7760
-456 3135
8909 -6774
-3364 3551
-3996 -3600
-9160 -8122
-8653 442
409 9314
8463 3231
-981 -3600
5030 -7143
-2410 -4333
4670 -9844
-675 6920
5183 -3315
-5687 -5123
8855 -8112
6480 -8476
6635 7123
9077 9124
-7861 7265
9875 1087
-8674 3038
7336 -6808
6155 -7942
-1862 9376
-7753 4326
-1490 56
-7656 -334
-1295 9752
-3356 -2926
-1664 -8368
100 -3982
-888 3555
5237 -8118
-8047 -5071
5253 1767
360 8112
159 553
-823 -3681
-9198 -8610
1492 -1838
9547 -4360
1451 -294
-4161 5175
944 -9024
-8662 9233
9175 -6202
-297 7939
2160 8462
6127 -3242
-9606 393
-7217 -1593
3297 -219
2010 -7010
8137 9629
237 1518
-1818 -7533
6010 445
857 124
8629 7815
-3905 8292
3257 7089
2657 2968
-370 -7566
5586 -7265
6661 1778
-6997 -9359
-1064 -5583
3101 2054
-2436 -561
-1157 9597
3900 212
7204 7082
-4307 -9245
-3423 2151
8505 9194
7993 -8718
-3639 -2168
6258 9522
-5369 -3020
-3826 6675
9015 8504
-923 -9130
-758 -7249
1911 -3106
-1712 -4834
-8070 5648
-31 4306
6608 -8283
-3630 7215
5914 8952
-9452 -1306
-9374 -1933
-1079 -9766
1778 3811
6410 7034
561 5679
-2953 -6173
-787 -119
-6298 4989
-8504 -5841
6982 5722
8762 -7846
3730 -2173
1271 9970
-9908 -1795
4482 4868
2064 178
4165 3710
-7741 1611
-1374 6155
-5497 9691
4117 -6899
2403 -1921
-117 -6303
-5489 9508
212 -1400
-6421 5109
-5972 -984
-1599 -5434
-1969 2101
-1335 -4644
-5264 6658
-5792 -8995
-7327 -1918
-894 1095
2431 1417
-5737 9878
-135 6765
102 -7941
-7342 9460
-7404 5054
9615 -9359
1371 -2351
-9773 9293
-1255 4839
4613 -809
-5394 -1931
-5540 -4644
6652 6872
8079 -294
4938 2270
7988 -200
-5993 5983
6437 -7607
-4979 8323
-6405 4527
-5446 6608
7599 290
611 2201
137 -8257
-4049 -4355
-7072 6495
338 -4836
4807 -9674
3890 -5909
6876 -5535
9561 9877
-1452 4016
6674 -2400
-7898 -673
-3539 1848
-3387 -3750
-9963 2205
-5984 -281
-1483 -3563
-507 -6922
-1396 -6491
-2226 -1032
-3394 3927
-9683 9208
-2802 3849
-397 7889
143 -3277
-2350 707
7020 1608
-1254 -9714
2545 -3258
-2058 -2684
9239 4505
-5351 7162
-7610 5137
5051 -7795
3765 -1815
-936 -930
3752 4856
8798 -9561
-1103 -1490
-3656 6785
-8128 825
-6939 -9160
-2378 -5916
-8594 -7251
1845 -7982
5568 -9609
2333 4760
9636 -5127
5256 -6998
-9195 2415
-2081 6476
2347 4070
-3187 8022
-813 6408
1739 -9020
-7174 -4989
3670 -5511
6669 2915
-7559 -2350
5652 9264
-4906 6782
-6134 584
7745 -8683
2722 -4837
8805 9385
-2852 9380
4255 -9358
3950 7970
-4295 -1397
-3810 -4510
6499 -4957
2416 -5991
5957 -3455
-2129 -203
-4410 -263
-2035 -1979
-1754 -3774
6933 -2861
8669 -7467
2751 -8966
-7318 -6772
-3069 3178
-2027 -5926
2457 -9188
-6146 -274
2503 -7860
-975 2710
