654
5629 -687
3480 -7517
-9404 9877
-3892 2173
9330 -6138
4326 -4582
-5232 1240
-8156 -511
2757 3369
-5855 4438
2698 -9815
-1857 9477
-5769 -1434
1280 6008
8731 -8428
-7855 9680
7641 -584
9510 821
4191 -7476
-4690 -7694
6061 4991
1532 8073
-5054 8317
-9278 5373
3440 -5839
8299 -4960
-9598 -3662
-6387 9015
-3230 -9905
-3109 8165
3069 -6077
889 6910
9854 6663
-713 -3903
2432 -7
2516 5326
3202 -5082
-2132 -6376
1143 -4133
7469 7043
7614 3167
-5692 3734
-9966 -4555
-7096 5236
5351 5753
-7536 -9577
-7980 -7448
-8262 -8433
-9886 9100
-3442 5341
-4415 4663
4360 -8382
-2028 5445
-2623 -7447
261 -2993
-3655 -3785
-8987 -717
9297 -3789
4108 7416
9208 -3822
1466 -5347
-3169 3531
4969 8571
-9307 -6579
815 9983
8348 -3118
-6245 582
7315 -5114
-6139 3842
7082 -5756
-2339 -310
-1391 -675
-5634 -1192
8554 4827
412 -1647
-8983 -2122
3658 -2833
3803 6565
-9162 6324
-8828 -4425
-1948 628
-1947 -4239
7172 5308
-8181 1937
-7453 -5921
-1654 8537
-2417 2650
-8777 -320
1127 2334
5233 2263
8500 -2182
9665 -2891
5895 -985
4391 -9726
1246 4629
6967 6871
-3582 8304
-4226 -2914
-2147 -4728
1024 5085
5899 -4542
9634 6966
-8303 6889
6962 -7951
-3342 -2042
9572 -6924
-9425 1035
-7077 5884
-9500 -7448
1072 1964
-4383 3011
-9720 4862
4618 1319
3742 9394
-6765 -1338
8666 -3821
5000 -5342
5709 2574
8206 6205
-7087 -4165
-8506 -1410
8411 -7120
-8959 -5520
1268 -2335
-9072 657
-3424 -8431
8740 -7330
-8862 -6637
9927 9244
-2997 -4505
5868 -7287
7155 3832
3207 8462
-26 5844
-2888 951
-8183 4629
-7798 9279
6552 6912
-5351 9815
-6227 -6963
4883 -8384
8826 5243
-8867 7876
8190 3153
-3983 5849
9358 -2286
-2597 -4092
-6695 6779
9833 -2459
6301 -659
-1251 -9787
-6720 -1978
-7884 2983
-1629 -12
4103 -2791
1786 -8915
7996 9492
-7811 4240
489 1287
-2590 -489
8126 -5922
-9719 1002
1663 -2894
6161 -8741
-2565 7804
-5529 2877
5198 8881
1055 2051
-4117 -8844
8537 9883
-3536 -3603
-2326 -4466
-5753 -3141
5159 -7650
-2165 5057
-3406 7687
-4016 6633
6516 -2621
-5461 5509
9760 1423
-5696 7147
1249 9479
2610 5621
1810 -7307
-8880 2292
6638 -3142
8931 -7175
-9481 -5923
9320 -2477
6725 4854
690 1907
-3783 -1108
-4781 2340
-4324 -3982
-4457 7610
1899 8825
3267 3676
-1140 3947
8542 1090
6151 -974
-283 -1541
3717 8562
-8995 -8072
9347 -6424
-3695 -8482
9031 62
186 -2417
6502 -7666
-9234 6889
3306 -1351
9088 6816
-2860 5546
-8899 7003
-6644 -2716
3996 6706
231 8418
-5203 2188
-6407 8060
-3919 423
4861 -872
7245 -2297
3847 -3130
-4236 342
1055 9920
9467 2870
-4865 3269
-3629 7961
7323 -3412
-7069 1918
-6329 681
-650 4538
3868 -4624
4386 -6304
-3064 -6426
-5153 2023
8613 -3916
3794 -6848
-4099 -6133
7282 8931
3568 2007
-8000 6066
-1701 8703
2565 -9626
2293 8594
700 -2857
-8736 2106
-7837 -1119
-3519 2166
-998 832
-9533 2318
-658 4049
-6357 1319
-4189 6894
8128 -6236
-7926 9635
5500 -1297
2059 888
3709 7012
2607 7574
-2469 -6457
-1735 5459
-7786 7574
-6435 7680
4655 -3982
829 -4317
7297 -9413
-109 162
-538 6519
5144 -2751
7274 2078
4897 8225
7691 6146
9386 -5154
1207 5106
5538 230
6510 9094
-1073 17
2793 4189
-985 2398
-4843 7371
4952 -5307
-3883 -9031
-9420 -7948
998 -5589
3216 9153
-3754 -9074
-8740 -3691
-7381 -6107
-1849 3828
-2804 271
9934 -1033
-2209 -7247
-6814 6948
5445 6893
-8709 9730
-479 9986
5407 -843
9269 -1090
2026 -829
-6074 4594
-8346 7804
2004 5398
-3854 5637
2203 3261
5438 8321
-6107 -1887
-1647 -3376
-3118 -4469
-9378 8463
9570 4590
661 -7487
1700 -5076
-3582 -1067
-3920 -4721
9018 5642
-2584 -5841
3655 -9249
-5517 -6572
8615 5663
3590 -6463
-5679 -3274
-333 1436
3922 7771
-2711 -6822
-8235 6279
-6683 -9951
-9006 -9571
5566 -1479
8638 -8381
-7129 669
9013 -5285
-5558 5624
-5404 -5635
2879 7316
-2046 1072
3117 -919
2620 6823
8998 -7201
7274 -929
-8965 -6316
-1278 1583
1695 7061
6429 -1356
-2478 5906
8583 -9623
4311 2377
3825 9473
-7124 -4874
1214 -4107
5751 -5900
3797 -9909
-8326 -6242
-2547 -5158
-9904 -9933
-266 -1915
1842 2336
6307 -3295
4004 -1701
1909 5196
2810 -2484
4863 5296
7584 -5646
3374 8721
4543 3103
5839 7592
932 -7820
2580 389
3254 3715
8494 -8886
-4640 -1649
-4715 8548
-1093 1705
-1034 8523
5401 979
-3924 -9409
-6335 4097
-1682 -5140
-2886 -7825
-3072 -5729
-5447 9982
-2857 -3905
1010 -4061
-929 5409
-9917 8121
8071 7734
3520 7075
8675 1429
715 436
4236 9173
-2656 -8844
-2759 -7063
6687 1799
-1965 -4930
-3509 4740
-4560 9905
7539 1830
-9390 -7564
1909 -4607
8909 23
-7488 -8040
8097 5345
321 -1926
4288 4558
661 9780
-5447 7435
-258 742
-3740 -9494
1590 -2159
9773 -6143
9963 5438
-1477 -8901
-3348 7812
2516 2649
-5983 5697
9685 5936
-6260 -8139
-1155 7086
6672 1704
1581 234
-4819 4979
-92 2708
-12 6434
3541 -2549
5696 -6726
9783 5139
2681 3626
8854 -3793
9607 -9652
-5238 -3417
3489 3368
-8871 8068
-2227 5731
1804 2458
-9099 -8684
9326 6021
9808 -5928
-6564 -8917
6587 -5638
-766 5158
2148 -8715
5177 3115
5641 4458
2350 -4127
-7772 -4513
8103 -6628
-1123 3634
5628 -6887
-2902 -9526
5698 -1904
2979 1914
3541 -1654
6029 -7373
4717 -2434
-7437 -8029
2248 -7618
-3428 -7061
-7192 -2386
-1977 -3240
-8238 3980
-2969 -5559
6241 8317
8065 -2471
-9271 -5240
-9146 -3365
-6400 8310
8260 -3611
3551 2758
-4926 -7684
8140 -3112
610 9754
-97 -3705
-7791 6804
-81 6646
1035 -104
5804 5692
-6711 -2457
-3675 -6440
2274 -2631
-9414 -3433
-5325 1725
-6184 6592
-8917 -8224
-8263 1623
28 1625
4759 -3715
78 -9853
-5439 4055
1560 508
-6329 2115
1711 2321
8594 -2421
5896 -7567
9950 2763
9183 -7349
8489 -2910
-7008 -4818
9495 -487
1208 9769
6006 7406
-9848 -3630
-7759 -7423
-1351 2845
5586 -3037
-5217 4887
-2012 8075
-3034 -3708
-9420 4393
2290 -315
-8218 -115
-7411 -6691
4208 -9372
450 3514
-7234 5220
-1334 -216
5426 -6854
6990 -9905
8610 1678
8705 9251
4006 8641
211 -12
2802 5304
510 6912
-5461 5664
9528 -7665
-5924 7612
-9107 -3602
183 -5361
-1211 7368
5624 -9371
7880 -1561
2983 -2329
-9004 5543
-2780 6991
-2507 7071
8457 -8246
9744 -2550
1539 8604
273 -572
-359 2493
-599 5599
-8477 5986
-9544 7108
4150 -8748
-3036 -2014
4766 5182
1601 -2050
-2796 -817
-8240 701
6336 -6282
-853 -6206
-6883 3564
-1522 -9474
4443 5070
9057 -1970
-345 7635
1703 -5097
-2150 7821
5146 -5335
8026 8345
4919 -670
-7256 -1399
8812 5722
1559 3682
-5915 -8125
7049 -2847
6536 -2006
-6858 -8573
8406 5303
-6623 -8132
2387 -1536
-7706 -6017
-2837 5538
3262 3007
-4366 1499
8860 9357
-6262 3634
457 -8419
6295 1971
-9658 8298
-8423 6516
-1769 123
2222 -9120
-1449 3716
-6864 -3608
-5644 4546
-5040 -7325
6720 2663
-3302 3540
-9250 231
6609 2399
-6458 -2402
-1782 -8150
7228 6559
6151 -5855
-7771 -5234
224 412
9569 6531
9120 6027
9337 -476
-3942 -38
9040 -8334
8917 1609
9827 6489
6959 1883
1952 -6177
4001 9436
9097 -6327
7068 4091
5617 -7125
-6470 -1091
1143 2267
-551 -4700
-9297 -5512
5395 -9257
-1375 -1832
-6677 9613
-8335 9266
378 -4403
3821 -7286
-3862 -607
-8000 -493
3046 -1620
-7580 7001
-6776 8316
-4786 6165
-6778 -5365
5094 2070
-3782 9558
6332 -3485
-5626 6782
-3131 206
6608 7829
-9010 -1918
-4013 1451
-4583 7363
-3613 -8682
1954 582
-215 7332
1590 3827
-8380 4914
620 -492
-1344 -7949
1222 5735
1094 6115
9311 2566
-4867 2805
-579 -9879
-6303 8184
703 -9127
4181 7543
5063 -154
-6156 7026
8018 7315
9787 -4378
