498
7394 2987
3844 -5087
-697 9487
7979 -1278
1257 3062
1812 459
-1487 -8661
8640 -8650
-907 -6058
-522 808
8280 1274
9102 -75
1925 -5126
400 -6020
7934 6387
-5933 842
5018 4596
722 7876
-1257 2244
2150 5503
-9132 9
5659 -6766
-1322 -7078
333 7884
9803 -6002
8385 3003
8468 1856
-6601 -7643
1510 -9755
-7642 -7695
-4738 -8650
-1885 6360
-4121 8282
6488 -2192
4721 -3810
-1968 1154
-2333 -1435
-3336 7187
-5615 -3346
2162 952
-6319 457
1282 8327
9318 642
-947 -6533
4738 -809
-8525 3348
-7754 -9551
3848 -3974
8586 8092
9329 7406
562 -6508
588 422
-184 -106
-434 3128
-6014 -2240
5896 -7343
-8616 -4345
-1657 -6767
-7501 1040
5301 4371
-5764 -3224
-7028 -1754
7983 6487
1937 7330
-8949 -8003
-8820 -2801
4889 -1485
-3096 -6262
6013 -1975
-2443 -1636
-5174 -6528
-8255 -6209
-7809 -4573
92 9986
9730 8640
5169 5518
8724 -6960
5349 5426
370 -4781
-5880 7882
1863 -316
4359 -9470
-9457 -2231
-8254 -6964
7775 -8611
4651 3719
-7497 -8668
1773 2708
3760 -4036
-6110 3020
-7724 -2759
4800 -8375
3222 572
9953 -6485
5286 4334
8116 -4444
8606 -926
6881 -1025
-5650 -3113
5905 363
-7244 -919
-1178 5026
7808 1646
-1374 -5285
-2425 556
9517 -9360
1825 5350
5008 -8471
-3184 3952
80 5454
-3037 4780
7003 -1004
-5746 -5203
-4032 -9294
2879 -8647
-9015 -7958
-6950 -3128
2067 -6683
-4402 7157
9604 4891
8747 3526
-7861 -5748
7386 -3224
2613 6320
5168 -4024
-4442 8170
7552 7571
-6019 -4513
7061 1973
8522 9158
5433 -8307
6331 -9231
5015 9250
8324 3617
-5878 922
-2393 8150
-9764 -7275
8601 -7877
2066 9091
-4636 -3562
-4674 7369
2998 512
9553 327
7363 651
-670 7732
-3589 7351
4352 1211
-8876 -2562
8128 -9117
9396 -2270
3354 -9296
4464 8090
8195 5661
-9094 3224
4922 -914
-9127 5780
-4107 -4853
8521 4093
-5940 -2605
-8784 -2734
-6363 1784
7856 -4318
-8801 6205
-6452 -8592
4371 9063
3885 9049
-4208 8224
-2249 -5134
5643 -6101
-2746 5572
-1466 -4631
2616 4596
3842 5987
-9997 1211
-7838 -9203
2968 -68
-5502 -2660
4852 -2948
-3920 -5928
1566 -4046
2727 9647
-3797 2448
4978 -4934
-8935 -9672
147 1540
-5489 -8931
-1289 -2504
-7199 7638
-2631 -6566
-8713 7668
-9197 6628
-4770 -3085
7470 2033
9180 874
9158 -2328
-4940 -3109
2580 -6589
4455 6858
-9731 4890
600 -8479
8860 161
8546 6718
-6833 -7689
9054 7823
2283 -1610
3326 -149
4323 -3115
2423 -4920
-1470 -4948
-6779 9892
5027 -4395
-3020 -7694
-2520 6436
2121 4947
8906 3751
1480 5026
8561 -6783
-6341 -5756
7126 4102
-4656 -400
-9066 -9669
4872 -7896
9232 430
4274 -4758
-6766 3423
6628 -7336
6676 7013
2002 4903
-6513 -7203
-2780 -6845
3576 -4086
1029 -6033
1627 -5783
-250 -899
9156 1497
9332 -1794
2338 4870
-1643 3954
4825 9886
4363 -6139
4567 8005
-6796 -930
-4461 -9181
-1333 9935
-3806 -9161
8015 2924
-8938 5778
-7840 -1195
5143 -9746
-9323 2336
-7857 -8405
2594 -2242
-6027 8760
8794 -2132
991 -9994
72 -534
-3285 6671
7176 6248
8551 4142
6696 4775
4619 4952
7338 2042
4253 8103
3759 2312
7883 4287
4199 -7440
7958 -360
-7970 3296
9459 7433
-8559 -6672
-9479 -5754
8091 3237
-6083 3826
9054 -9287
-5645 6535
4156 1651
4792 -5453
6812 -3770
-4858 5353
-2303 -4175
1359 -4737
-5807 2651
1649 -3048
685 7565
25 -3613
-9407 -4322
-9265 7563
5857 2834
-4342 7327
367 8021
1338 -7542
-7443 -8396
2018 9619
-7692 -3551
-3755 -9548
336 9229
6611 1761
-2652 6553
-9468 -2571
-8274 5642
-8495 4352
1839 813
-8727 1085
1579 -7546
-585 -1909
7258 -3135
290 -9750
-5110 -815
-1856 7352
-4025 -1650
6137 8256
4668 677
-7233 2616
-9506 -3375
-3038 465
-3999 -8484
-6303 9612
-753 -279
8282 -3954
7044 587
2099 -5300
-9258 1371
-6311 8549
6202 -7904
-3852 358
8839 774
9970 8670
9182 8517
-7738 -8411
-5713 5138
3751 399
916 -5891
1906 2437
-9597 -2619
-4795 712
-4124 -7266
3912 9355
-9410 3544
8791 5928
-5838 8419
1756 -5363
-4515 -2464
-5816 -3435
6846 -5113
-1422 -8658
-6820 6063
-8670 -5433
-8848 5776
5557 8084
-6534 8019
-5024 -8773
410 5657
-4125 -282
-3841 -3757
-6722 4586
2163 -3432
8831 -7038
8776 -9561
-8072 -6808
-1867 -3639
2586 7729
-879 -8805
9667 4918
4818 5432
-9531 7425
-2076 -2885
-5524 6348
6290 -3793
1844 357
-4075 -2390
6214 9041
5259 954
-5319 1721
5540 -714
5757 5199
510 8881
3594 -4880
-7768 -2158
7972 7753
-9942 4129
-1957 -8703
-9808 -7965
4125 3703
4024 -551
8003 -723
885 6086
417 -3084
-8154 -2753
8369 -4768
-957 -9109
5000 9519
7373 952
-6435 -4069
-3946 9412
-6304 2688
4879 4608
-3999 3447
-2295 969
777 -2850
4702 -1153
1697 3976
5207 -2407
-310 1094
8267 4324
-706 4146
-1162 -5844
7830 -7376
8013 5588
1120 3254
-7184 6911
1218 3032
-7442 8717
-9682 5373
-1821 5432
8370 2768
261 8847
-468 6381
-1574 3749
9949 6100
-9966 -2786
-6635 -825
1448 -2271
4968 -2209
-3090 -8214
296 -1447
7939 5267
8157 4267
1457 9286
7765 -3226
-6812 -6531
6641 3493
5642 1571
-782 -1603
-9397 6595
6344 6592
3247 7682
-4939 6406
-9481 7496
7905 -4900
-4308 3193
-8083 -8974
9013 -4334
-9617 7363
-5041 -2939
-4022 -1151
1502 -6784
3447 -7130
-9313 -9373
-5420 1897
5085 4507
5617 9860
136 -3509
512 7847
-5547 -3377
-433 -9356
7012 -4215
534 657
-5900 532
-8491 -8915
-4003 -2600
-7602 -9896
9140 -5343
5857 4079
8507 -9307
-7592 2674
2513 4221
-6932 8854
6055 2162
185 -9693
-3797 -2956
6935 -7694
4310 -1507
7505 786
-1807 -9753
-3476 4745
-7849 5302
7793 -604
-6671 -5350
5893 -2416
5775 -9324
-2762 -2166
-345 2795
-8723 -3414
9152 -9850
9837 1540
-5218 271
849 517
-2077 6410
-6073 2003
-9932 6669
3524 1270
3541 -6282
608 -6734
1390 -1366
-2270 -3561
4297 9572
-8950 2500
-1131 2637
