926
1638 9458
-8414 -1907
357 3927
5786 4829
-252 4405
6035 -8301
8166 -6374
5090 -1720
-603 -7009
-8126 -5966
-6456 6496
777 -2221
8948 -948
-8025 -6490
-9617 -2488
-8715 -4858
3498 -4435
3715 9732
8128 -1397
-8379 -9649
3804 2477
-2751 -3185
8574 -1619
4223 8923
-9255 -6288
7305 343
-2677 353
-747 -8562
8744 -3204
8815 -7272
-6461 9543
3217 -4495
4829 -8538
-9254 98
7371 -9921
-3843 -4701
702 9087
-1582 -3459
-9441 -182
-495 -5177
7655 -5688
-8618 3556
7997 -2484
-6286 -31
-9877 -1989
1951 449
-3410 -9675
9716 -2891
-8569 -300
-8296 6908
7053 -1272
-7833 7614
2146 -1733
-9041 -9319
1734 -2164
5681 6736
8654 -5679
-8586 1175
-9153 -5775
5612 -8447
2517 -4524
9571 -7511
22 -5861
5808 9456
1943 3219
-9751 1526
-9566 3424
-8892 -424
-6781 3809
-2014 8416
-1842 713
8976 3355
8137 139
9868 4950
4693 6927
-7687 1922
8270 5562
7382 -7887
5445 -1622
-679 -1892
5943 5190
-7091 9557
5448 -725
4538 -4624
-9666 -7943
-5381 -7465
8828 -9821
6234 3045
654 7915
-9388 6663
-4738 -3502
-9485 6588
2350 9803
-3576 8642
2008 5345
4874 -1424
7337 9041
-2482 9830
-2005 -8289
-7257 4455
-2771 3032
8813 1328
5480 -638
-7855 5685
-9445 -4318
4296 -2537
-4307 8146
8948 1358
-1080 590
-9348 -4174
6051 -4069
-6435 547
3192 8145
4050 -2445
2244 7711
-3156 3000
-6587 7876
-3498 -3795
-8493 1628
200 -4837
1617 9746
-9953 1896
7776 -6893
4828 -9228
2180 -5105
-7465 8675
-9900 9992
3717 -2806
4648 -5897
8101 1935
-4526 -8202
-406 6440
-2426 1307
5087 -710
-6431 5341
9032 -7983
8381 -246
4218 2866
8034 -3259
-316 -3611
-4790 -3903
-6290 -7871
-9626 9069
2535 -1140
-444 3974
-2524 -6320
-138 4192
-550 7832
2347 8903
5856 4696
1310 3075
5615 -7727
6455 -8073
-5729 1485
6496 6334
-3542 6478
-9036 4002
-1903 -6668
3853 -6687
-6349 3853
4561 -6007
2530 -4794
5136 5671
-6833 7288
-5415 24
-4312 -718
-7518 1468
-313 -5999
-2173 -4033
-7731 5401
-6413 -2818
-4154 6888
-1641 -7978
-787 503
-4821 7706
-8308 9659
7984 4029
-7228 -8492
-5664 -1914
-2426 -1086
-9073 -161
-9558 -4671
2713 1460
-6106 -1452
4816 1239
9811 -4521
8169 -8467
-6759 -4992
3453 -4265
-6500 1157
8264 -1288
7676 6336
6446 -9119
-5519 -9689
9045 -9871
5243 -2516
-5754 -1286
-5875 -7788
-8491 -4820
-8376 1274
-8005 7175
9656 6471
-9316 -2838
9245 -4485
7366 6374
-4730 4269
-1895 -7286
-7255 -6904
-9154 7055
5681 8384
3824 -9491
2325 -8130
4129 -9462
-7621 -3701
-562 7244
-9415 6280
4536 5039
7433 9354
2603 9801
-6687 1147
-8897 1451
7499 8989
8531 3666
365 1329
-4792 -374
6432 -9283
-4116 214
9760 -7797
-9952 -263
-8802 -6961
7644 -4025
5053 6800
5442 569
-9232 7397
7816 -4752
-781 -9912
-216 5084
-9431 9204
600 7398
6610 3305
9018 -9126
-1324 -2235
3846 -6316
-6482 -7695
-9630 6390
128 -3236
-2215 -9182
5037 1825
-5436 3060
4297 -8949
1471 1010
-371 -3839
-3871 -8672
3938 1706
-8265 7789
9944 -7516
5992 9427
16 -325
-694 -608
9431 -4124
2672 -7451
-248 190
1355 1100
3789 2672
3125 3107
-1542 -5664
-9515 2259
3463 584
-7716 -218
202 9782
-9690 1033
-6007 -6686
-4628 8071
9644 805
-4008 -6040
7047 -771
-9120 -5829
-1782 -3656
-1312 -1155
-3833 4753
-1880 4735
-2375 5770
-8206 7992
131 3975
9815 -6413
-2586 8586
-9217 9130
2660 -3270
815 2030
-2174 -4325
-9828 3102
4435 6004
6904 -1664
7468 -1391
7913 -6662
-9108 9473
9389 2824
875 8726
9133 -703
6088 -2610
140 -7373
6311 -2883
7117 9009
4351 -6606
-4763 -3051
5213 4357
-8102 -2514
-5972 -7956
-5976 -6315
-4041 -5610
-1461 4595
-3741 1767
-2004 -1885
-6233 3827
-8161 -7490
2348 -5128
-6752 7888
7875 -2498
-2566 -1991
-3006 -3066
2839 64
6277 -3622
-3114 -8930
3241 283
-1047 -1315
3519 -6961
-4278 -3222
-3537 -5275
2661 -9897
-1387 9122
2571 -3428
8589 -2788
2493 5804
-299 4978
3955 -5057
6742 -1352
-4483 5829
5794 4274
-152 -9357
-3271 -6487
509 -7606
-7564 -7243
1330 -5035
-1226 4540
-7925 7290
585 -8845
6972 4350
9941 -1152
-8340 -1238
3849 1210
1465 -2555
-2609 -2381
4662 6592
2806 149
9741 -5332
2209 -835
8450 1036
1199 1737
-7948 4103
-2229 9496
-444 -4249
9964 8176
3532 7120
4188 -1615
5227 -7251
4633 -1982
8003 -5162
-2290 6520
4575 6903
7502 8152
1134 -4817
4034 -7208
6459 9063
2092 3915
7720 -1950
7862 -4092
3406 -1497
-7460 -3932
-3756 4892
6549 -6565
5544 -8199
-1685 8117
-6664 -3799
-9696 -320
8339 9539
4482 -7647
-6681 6301
2438 -5093
2563 872
-3171 5350
-3706 -6866
-7565 2046
-350 -1285
-7617 4635
-1569 -8282
-4550 3030
3331 -3615
-1198 -4535
-1908 8455
-7831 -3723
-7936 7822
-8758 7930
-4048 1958
5994 -956
-9844 9818
-9111 -9197
-392 4046
5457 -5550
258 7288
7306 -3440
-8814 -7943
-7262 1774
5511 -3621
-8946 808
9039 442
1064 -2493
-4573 -6187
6095 49
5454 6769
4409 -2025
9390 -9843
-7550 -7537
5884 8516
-9907 1935
-8063 -3798
-9266 -3833
3688 -1994
-5473 -9140
4896 -3106
9325 -6512
-87 7379
-1680 -8102
4391 -2641
-8136 1257
-5708 -3475
2030 -9210
145 -1283
-5819 -1902
9854 -4182
8158 6760
6035 -8163
5495 5640
-3453 -1345
-5063 -8660
8123 -9459
3505 -9571
-5585 8234
4963 -142
5998 -8591
-5884 -5448
5257 3828
-1185 1722
-6104 6490
-9286 -2835
-6594 2036
6857 -2311
5066 -4032
1511 1132
3879 -118
-5470 -7964
-6166 3662
-3063 -8484
-7307 5278
-6550 -1817
-109 -919
7193 -9193
-5982 -6780
2130 875
2002 -723
-3774 8815
8214 -1250
-7259 -7624
-7646 3697
-873 -24
9541 5528
9303 9670
-4068 1329
3894 -5339
7891 7003
-6930 4352
-9980 -9395
194 -3678
-7643 -8148
1095 7970
-9743 6978
6083 2992
4304 8102
-2454 5195
-3153 6458
-7355 -7148
-9459 943
2462 8427
-1547 4194
246 -9090
-8097 828
8572 1757
7651 -5005
-7073 8671
-1776 -5544
-6496 2718
9248 -9013
-3334 -4970
-237 -4319
-8729 -1993
1897 -8144
5080 -7802
-3832 -1020
3515 1338
-8841 6834
226 -3644
9236 -6096
5443 765
-9868 2831
6841 939
-4876 4125
5765 3309
3414 3385
4143 272
5812 785
-7139 -94
-1216 -5690
-4248 -2209
5998 -2222
-8189 -9799
-6526 1991
-318 -5126
-1312 4902
5327 -9790
-1283 -4237
8011 -7580
-340 9058
4605 524
-6531 -5496
-2178 -5242
581 2393
826 1048
-5410 -4737
3389 3217
6187 -5754
1111 4897
-1746 8512
-7574 -5264
9764 -8618
-9891 8177
-5534 -9732
-8794 6803
8929 8681
-876 -8821
807 1625
7967 652
1879 -7066
8949 3710
-9501 4301
9051 5510
555 870
-618 -7960
2648 -9672
-2201 -4919
-3392 -9031
-5537 -9915
9114 -3291
-2973 9928
-9025 3399
-1155 9137
1728 4639
-9475 1800
-8981 221
9808 -8338
5261 6705
389 6436
-4362 -1455
-3564 5640
-9193 -1569
5802 7145
7915 4778
-3481 -5761
4029 -656
-9750 9721
1657 9158
-2656 1263
-569 209
-6469 -2241
3980 -9938
8652 8994
-3248 -4723
-8288 -839
-9401 -7538
8393 -4377
-125 34
7886 4285
-2940 -896
7229 1009
-9356 9971
-2712 9877
2382 9022
-2038 145
7625 7661
-318 9353
8139 -3499
1597 -5573
-1357 9367
8575 361
5014 221
9133 9130
-331 2901
-9758 -9498
-6287 -3092
508 -7794
3004 -5733
9312 -3102
-5420 -8240
-3258 5477
1110 -4826
-1537 7202
-9614 714
-5103 5691
2563 -6239
7363 4161
1989 -2690
2063 -5808
-2749 -6965
8749 -3044
3979 -66
-9383 8361
-4200 6537
2153 339
5532 3633
6759 -2404
-6204 4984
-1620 -1744
-9582 2259
86 -3544
-6391 -6984
-5042 2699
4841 7463
-62 -8641
-6524 3744
-6723 -1559
5982 5256
-9247 -3227
981 -869
3865 -7297
-5646 8726
7275 -942
-4730 -9842
8949 -3327
9628 -9004
9995 -7801
-609 -2166
-6902 4889
-7867 8544
-2092 -6757
-2659 -4519
-8385 -6726
-8600 -4483
7343 -7814
-9098 2814
-9528 -9056
2254 402
4680 9703
-2937 1751
-8806 -1043
2563 -4590
4638 -4278
-1804 -1596
-1712 8348
4829 -9883
-3976 -1717
1875 -2363
-5435 -464
-2698 -6691
1829 -6995
1627 -5694
-8305 -3394
7119 4667
6404 -6294
-8217 9417
-8043 8759
5219 6452
-8647 9800
6659 -1139
-7171 -9142
-2341 3469
-5720 -179
-6695 7936
-1727 -547
723 382
-7461 -3820
-9646 5840
-4332 -7905
8520 -819
5014 2884
-2847 7975
-9213 -5880
-1567 -6981
1471 3810
-6154 -460
-7139 3576
-8929 -9732
-170 -5125
3467 2095
-6483 -4032
-5328 -4166
7587 -5535
-4812 262
7635 816
5164 7928
-4137 3157
2044 8423
-4237 3582
-4329 -7494
3772 2016
-8851 4244
8967 9379
7275 -7042
9396 2186
3808 314
9861 -8438
-6857 -2719
-3728 -8625
-874 2333
-8822 6947
-8305 3471
4250 -2574
5197 2009
-5824 6023
-948 5159
-3786 -8338
-423 1520
7420 3656
-5143 7878
2908 1450
4440 -7548
-2088 -1674
6270 -6612
8221 2331
-3558 9039
-4364 -7074
6553 -9681
5157 4047
9876 -8873
-2694 1561
1697 -4904
4755 2402
-8829 8069
1972 -5656
3651 -9744
5101 -947
-7638 6599
-9352 407
-5820 5779
-1810 4347
-4225 -9154
-9716 8640
8846 2808
-1710 739
-1904 -5471
-6301 -7873
-1205 -284
-4685 147
8402 2068
-2835 9902
599 2423
2277 -250
232 -4483
4084 -5427
-100 98
-7779 -6840
3739 -7542
5364 -6471
-4113 6975
-9454 5336
7985 795
-3732 -5627
9246 -2675
-6505 2241
3011 -2124
-6948 5779
-6873 4420
-9997 -5397
-3217 -3084
-1376 1717
-8203 5327
-1791 5992
7924 -6759
7897 2073
273 -1084
6535 7842
-3650 1244
8214 8311
-9634 7870
3581 -3672
-8897 4419
2673 -4041
624 -9195
8214 5031
9215 1080
-9860 2143
2705 -8439
-7239 -3149
8905 -6847
9923 532
9895 -1628
6161 -8975
7623 -6334
753 3725
-3574 7243
1565 -4245
1244 -7150
-6146 2165
2733 -8141
-1656 7656
-6905 6673
-8441 -9919
-2470 764
-8074 3090
-9104 -153
-3288 5570
-8674 -4680
520 4001
2385 1525
2123 1080
5248 -3881
-6315 -3253
-8493 -4911
157 3353
5463 5154
-1809 -3146
-7807 -5812
287 -4611
7354 -8957
7749 9991
8524 -2651
7891 5260
7941 -4848
5149 1107
132 70
-8143 111
-337 6188
4866 -7841
-7212 5958
7422 6309
-524 -2578
70 7656
8052 -2965
1501 -7527
-8516 3223
8047 -2106
4140 3323
1158 3406
-3710 9482
2529 8559
9288 4696
6747 -8492
-2599 -9705
8596 -3315
-6247 2572
1333 2711
1117 3648
-9586 7573
1648 -4488
5230 -2790
-8565 6726
-9865 9155
4383 3845
-3056 7404
2518 5139
8697 -2334
-3595 -1132
-9989 -1995
-6004 6133
-1494 9275
3833 -8000
-2675 -3356
-7588 6086
7428 -504
-2650 -3587
-645 288
-9240 -5220
1743 -9731
-970 4134
-4601 -9667
-8148 9063
-2111 -2696
8888 2094
-7963 -2218
-1985 -9726
1363 8141
1379 7616
-9064 -7027
-7625 4697
-6196 -8157
5853 -3109
-1509 -1472
-9838 3183
-7482 2992
5347 6553
2394 8591
8271 -6128
-379 -6640
7709 -1752
6606 1643
-3198 -6185
6981 9845
-4030 -6311
-2856 351
-9175 -4868
1210 -8132
6559 1556
-3322 9063
-3144 1979
-2370 4760
6678 -2540
-3781 468
-5620 6673
-3585 -4672
-2747 -9330
8511 9586
-6746 3065
6250 -1805
6005 8215
4216 -2095
9523 -1153
608 -3536
9723 -2120
1881 7246
